method,ASR,target_margin_mean,target_logit_mean,total
original_backdoor,87.2271,3.308500,25.486695,916
keep_mean,79.4760,2.380049,24.749420,916
keep_pca1,5.4585,-4.574031,20.639294,916
keep_pca3,8.1878,-4.122731,21.808918,916
keep_pca5,8.2969,-3.959778,22.034645,916
keep_pca10,37.2271,-0.795485,23.676105,916
keep_mean_pca1,80.7860,2.440306,24.766410,916
keep_mean_pca3,81.7686,2.552171,24.658570,916
keep_mean_pca5,82.4236,2.568112,24.790086,916
keep_mean_pca10,81.0044,2.516418,24.936852,916
keep_random1,2.1834,-5.623780,20.155917,916
keep_random3,2.0742,-5.682971,20.204259,916
keep_random5,1.7467,-5.686042,20.127567,916
keep_random10,2.2926,-5.483693,19.910429,916
