method,ASR,target_margin_mean,target_logit_mean,total
original_backdoor,87.2271,3.308500,25.486695,916
remove_mean,2.6201,-5.092982,20.826470,916
remove_pca1,79.0393,2.450848,25.196251,916
remove_pca3,74.4541,1.851852,23.911998,916
remove_pca5,71.6157,1.651286,23.677385,916
remove_pca10,29.9127,-1.510593,22.054790,916
remove_mean_pca1,2.7293,-5.155329,20.815280,916
remove_mean_pca3,2.7293,-5.146885,20.951897,916
remove_mean_pca5,2.8384,-5.115900,20.824893,916
remove_mean_pca10,3.0568,-5.009271,20.685410,916
remove_random1,87.5546,3.324278,25.538124,916
remove_random3,88.1004,3.379375,25.486575,916
remove_random5,87.7729,3.360757,25.551890,916
remove_random10,86.4629,3.153018,25.765591,916
